0011
0101
0110
1001
1010
1100
00011
00101
00110
00111
01001
01010
01011
01100
01101
01110
10001
10010
10011
10100
10101
10110
11000
11001
11010
11100
000011
000101
000110
000111
001001
001010
001011
001100
001101
001110
001111
010001
010010
010011
010100
010101
010110
010111
011000
011001
011010
011011
011100
011101
011110
100001
100010
100011
100100
100101
100110
100111
101000
101001
101010
101011
101100
101101
101110
110000
110001
110010
110011
110100
110101
110110
111000
111001
111010
111100
